1810
3170
2192
3238
2339
3471
3765
6573
3896
4132
4045
5922
2254
3949
1840
4077
4105
5124
7333
3929
2121
2379
5498
3669
8996
3143
1804
2210
1242
2589
2535
2653
2486
1245
2190
1217
2542
2217
5639
1252
1355
1958
2387
1353
1235
2166
2643
1328
1261
1441
2470
3762
1190
2513
1215
2904
8382
2709
1972
6494
3273
2643
3962
6162
4362
3132
8318
1893
1931
3170
3299
2424
4386
2925
2055
3035
2108
1958
2866
2824
2107
2227
3015
2598
3617
2797
3780
3038
3561
1679
2877
1789
2109
2003
2948
3066
2059
4523
2710
3125
3104
1674
3303
3682
4077
2352
4789
3609
3587
2255
1882
2452
2090
3674
2046
2794
1885
2108
2044
3101
1944
1885
1870
3779
4327
2922
1948
2049
2042
5398
2054
2319
2340
3549
2026
3613
2055
2817
3639
2947
3550
2085
1932
2976
3705
3612
3643
2299
2110
2425
3629
3145
2054
2344
2322
2636
2704
3585
3640
3051
4642
2576
4015
2058
2056
4358
2044
1932
2108
3011
2108
3603
4302
2931
2959
3184
2355
3208
2919
3256
3395
3694
4186
3857
2102
3007
3066
2110
2289
2547
3649
3594
2109
2787
2945
2759
2272
3213
3779
4515
3047
4393
2099
2515
3526
2100
2940
2755
2065
2863
2807
3615
2049
4246
1988
3669
1954
2054
2050
2331
1771
2602
3705
2311
2092
1665
2684
1878
1871
2282
3061
2938
1878
2093
2957
1952
3054
1607
1880
2098
3138
3076
3177
1943
3490
2342
1737
2616
2895
1815
2007
1895
3117
3001
4022
2055
1994
3042
2138
3052
3270
2951
2062
4318
3055
1893
3895
1886
2054
3625
1991
2388
1895
1896
2045
2573
3929
3036
2911
1894
1869
3471
1953
1941
2239
2176
2975
1682
1888
2843
2948
2890
2675
1941
3150
3742
2869
1900
1682
2280
3619
2393
3502
1687
2308
1964
3273
3613
2095
1950
2543
2041
3488
2049
1902
3457
2211
1898
2928
1897
3533
1888
3006
2049
4662
2851
1945
1888
3873
1895
2057
2025
4607
2115
3939
2051
2056
2974
1893
2051
2052
2054
1941
2593
2844
1665
1895
1814
2900
2171
1893
2050
4289
3042
2955
2048
1888
3211
2050
3048
2052
3045
3060
5537
3542
3008
2052
2812
2889
2912
4606
2797
3667
2054
3558
4318
2843
2423
4579
1942
2903
2368
3025
1940
2177
3379
1915
3614
3058
3537
2043
2111
2963
2038
2053
6567
2098
3118
2315
3964
4506
2877
2954
2989
1888
2170
3498
3784
2048
2929
3061
2742
1982
2912
2370
3007
1763
2018
3098
3037
3101
3021
3531
3528
2050
2027
2259
8316
8714
3253
2341
2371
2380
2380
3207
2442
2345
4936
2347
1674
2437
2475
3368
3228
2358
2446
2346
2442
2455
2516
2357
2425
2369
2445
2428
2501
2492
2493
2411
2482
2389
3128
2486
2396
2340
3400
2302
2333
2479
2509
2428
4065
2451
2385
3119
2310
2317
2091
2373
2318
2488
2327
2447
2398
2383
2359
2361
2653
2445
3303
2364
2435
2372
2365
2333
2454
2480
2503
2340
2377
2341
2375
2497
2388
2366
2759
2354
2351
2575
2379
2387
2700
2372
2409
2332
2495
2422
2183
2374
2294
2328
2357
3392
2245
2265
2428
2357
5466
2657
2390
2428
2425
3956
2317
2409
2381
2077
2418
2738
2402
2525
2311
2295
2286
2391
2358
2356
2379
2425
2364
3821
2448
2413
2496
2399
1659
2199
2364
2613
2309
2502
2408
2298
2380
2456
1679
2351
2311
2365
2364
2337
2698
2271
2392
2335
2426
2488
5613
3222
2278
2487
2485
2443
3372
2473
2500
6221
3339
2410
3196
2402
2358
2364
2452
2423
2418
4009
2231
2281
1677
2473
2419
2436
2284
3369
2488
2509
2353
2396
2363
3505
3843
3098
3069
2312
2372
7854
3630
2505
2043
2647
2304
2575
4026
3322
2389
2422
2348
3832
3939
2382
2626
3956
3904
4170
3776
3925
4165
3839
3884
4106
3934
3931
3826
2099
3751
2679
2596
4228
2579
4160
2629
7247
2305
4275
2079
3736
2334
2315
1679
4614
3707
4090
5506
3388
4064
2544
3920
3772
3816
2035
4858
3930
3955
3769
3836
3924
3982
4046
6959
3849
2610
3929
2722
3936
1692
3885
2661
4065
3281
3923
4000
6425
2685
3734
2027
3383
3958
4887
8578
1729
2437
6485
2048
3568
2051
2346
9078
4337
3163
5117
1700
2167
2158
3156
5183
2119
3061
2053
5021
2324
3111
1705
2455
3176
2347
3127
2157
2364
2169
3009
4985
2348
2184
2358
2941
2791
3207
4994
2103
3915
2187
8884
3385
3907
6010
5586
6290
3522
4353
3127
6209
3424
2918
3839
3784
2361
3560
3779
4407
3655
4439
3398
3700
2369
3806
3867
3525
2311
2825
5304
2252
4320
8026
1770
2808
1785
3099
1771
3268
4922
2197
4940
3280
5928
2833
4919
1783
3163
1770
3583
1905
1784
1772
4352
3431
6028
1900
1771
3397
3291
3673
2355
3725
2703
1902
2937
8332
4528
1857
1856
1855
1885
1902
2324
1872
2691
1873
1866
1860
1920
4269
3861
1869
1896
8426
1778
1768
8418
2468
2571
4137
5141
2379
2467
3712
3265
8258
2464
2332
2555
2626
1786
2251
2410
2629
2226
2603
2567
2349
2411
1772
2603
2343
1972
2274
2562
2578
2495
1764
2435
2388
2489
2528
1893
2341
1782
2652
1751
2445
2480
2225
1973
1784
2611
2650
1785
1785
2643
2407
2710
2588
2439
2457
2520
2418
2501
1749
1789
2427
2332
1789
1944
1770
2503
2611
1933
2606
2474
2461
2341
2595
7948
3861
3812
5463
6347
3751
5348
6528
2106
1987
1707
3399
5533
5843
2673
1756
1756
5247
3391
3288
3476
1762
3341
4257
6091
2063
4873
4080
1923
2206
5422
5609
4098
4221
3504
4486
6074
3304
1760
5810
3451
6943
3140
6227
2001
3118
2063
3440
3147
4515
3601
3445
3218
1707
3509
3493
4038
1756
3979
2685
3784
5702
3126
4689
6128
1764
3310
6391
1736
2656
4903
1718
4861
4655
5244
1743
4120
3324
6109
5964
4143
1993
5693
3299
4974
5597
3318
2247
5312
5100
1756
7954
1963
4522
2681
1709
2723
2825
3968
4775
2801
2546
2819
3241
4564
2822
1700
2470
2774
3938
3151
2980
4810
3135
3189
1711
4098
4031
2428
2439
3689
1703
4045
4079
3027
4227
2999
2809
2837
4472
2888
2851
2786
2907
3004
2575
2312
4643
2660
3586
1705
1708
3363
2239
1707
2771
1707
5031
2701
4751
2384
2250
2807
2757
2976
3145
5156
2969
1710
2825
3866
2978
1705
4281
3299
3945
3468
3977
4163
2775
1709
4371
2907
2700
1706
4509
2938
2980
1709
2902
2930
4235
3019
4104
2617
2365
3035
4882
2835
3032
1705
4247
1708
3963
2837
1705
2730
2653
1708
2965
4359
3969
4813
2688
2565
2166
2623
3076
2787
4861
3057
4017
2820
4522
4575
2909
2478
2383
2227
2887
2879
2850
3040
2687
4947
2916
4197
1706
1709
4575
4148
3975
1710
4116
1710
4876
2664
2198
2854
4137
1705
2475
2965
4129
4825
3969
2495
2776
2756
2958
2830
1711
4333
1712
4132
5004
2572
1991
1707
1705
1709
3999
1712
2410
4389
2198
2957
4345
4762
2982
2279
2517
4549
4199
2635
4853
2242
2964
4262
4589
2968
2911
1705
2521
2466
1704
2249
2892
4542
1707
2828
2466
2190
4113
2546
2454
3014
2966
2750
2738
5117
1709
2957
2906
2688
1711
1707
8062
9342
5875
3051
2803
3129
3004
3178
3754
2214
2722
2200
5521
2595
3919
2895
2673
2629
2744
2767
2169
5873
2837
5804
3034
2508
2615
2619
2169
2999
5228
7860
5370
2615
2483
5119
2489
2110
4892
2199
2192
4779
4812
2508
2162
4515
2124
2052
4589
1955
4150
5460
2880
3543
5534
2137
2156
2911
2229
4518
2364
4742
2130
4806
2064
2433
2448
4708
4256
2381
6267
2142
4809
4905
7642
2798
7900
2478
2826
2126
2083
3930
4623
2078
2020
3384
4195
2027
3135
2039
2027
2114
2027
1971
2025
4694
2459
2018
2033
4788
1980
3072
3086
4558
4620
2992
7826
1707
1713
7842
2420
1998
1996
3459
2326
6335
2631
2917
6091
2858
1984
3411
2742
1978
2350
2245
2260
1978
2253
3654
2329
6420
4871
1719
2919
2877
2702
2862
6835
2884
2860
3017
6395
2782
2235
4238
2313
2729
3993
3595
3322
2009
6335
4162
3437
3375
3300
3144
3487
1719
2342
3755
4677
3342
6150
4069
3360
1971
2940
3498
3619
6324
1978
2074
3641
2830
3359
2818
4071
4094
2538
2687
3454
3455
1995
6514
8258
1985
2971
6234
1985
1975
1985
1694
2891
1963
2401
1987
2037
2899
1993
1984
1693
1993
1978
4389
1982
1695
1992
1993
1975
1988
1991
1918
1971
2485
1983
2398
8288
1880
3699
8568
2494
5083
4125
4321
2764
2211
5001
1840
6102
3661
2646
5347
1847
2270
2372
2275
4978
5699
2232
3441
4928
1844
2269
3188
4230
4311
2555
6373
4879
2039
3877
2251
2212
2890
1891
2387
1834
4845
2367
1807
2316