7625
1693
9118
9774
2511
2537
4998
8228
6381
2038
8894
2616
2498
2700
3237
2081
2768
3034
1707
3758
3299
8282
8932
2988
5751
4311
2382
7786
9288
4584
2140
9088
1911
5205
1827
3845
3754
1867
2034
2702
1824
3576
2456
1929
1811
1874
2668
1853
4951
1961
1874
2610
2611
3773
4005
1841
3181
1873
2514
2123
2412
5161
8596
2651
7846
2488
2660
2496
3081
2618
1890
3287
3359
3482
2679
9504
4217
3878
2010
3147
7908
9252
1971
1695
4502
1678
9074
2160
2918
2189
1676
1697
6018
5092
1660
2959
2373
6263
5201
2983
1666
1692
6127
3527
1659
9736